{
 "cells": [
  {
   "cell_type": "code",
   "execution_count": 1,
   "id": "3e1c9c91",
   "metadata": {},
   "outputs": [],
   "source": [
    "from jupyter_init import setup\n",
    "\n",
    "setup()\n",
    "\n",
    "from src_code.config import *"
   ]
  },
  {
   "cell_type": "markdown",
   "id": "e7b63078",
   "metadata": {},
   "source": [
    "## Loading Dataset"
   ]
  },
  {
   "cell_type": "code",
   "execution_count": 2,
   "id": "8dafc3ad",
   "metadata": {},
   "outputs": [
    {
     "name": "stdout",
     "output_type": "stream",
     "text": [
      "Loaded dataframe with 16017 rows and 31 columns\n",
      "\n"
     ]
    },
    {
     "data": {
      "text/plain": [
       "datetime                      datetime64[us, pytz.FixedOffset(-120)]\n",
       "commit                                                        object\n",
       "repo                                                          object\n",
       "filepath                                                      object\n",
       "content                                                       object\n",
       "methods                                                       object\n",
       "lines                                                         object\n",
       "author_email                                                  object\n",
       "canonical_datetime                               datetime64[ns, UTC]\n",
       "author_exp_pre                                                 int64\n",
       "author_recent_activity_pre                                     int64\n",
       "label                                                          int64\n",
       "loc_added                                                      int64\n",
       "loc_deleted                                                    int64\n",
       "files_changed                                                  int64\n",
       "hunks_count                                                    int64\n",
       "msg_len                                                        int64\n",
       "has_fix_kw                                                     int64\n",
       "has_bug_kw                                                     int64\n",
       "ast_delta                                                      int64\n",
       "complexity_delta                                               int64\n",
       "max_func_change                                                int64\n",
       "time_since_last_change                                         int64\n",
       "todo                                                           int64\n",
       "fixme                                                          int64\n",
       "try                                                            int64\n",
       "except                                                         int64\n",
       "raise                                                          int64\n",
       "code_embed                                                    object\n",
       "msg_embed                                                     object\n",
       "recent_churn                                                   int64\n",
       "dtype: object"
      ]
     },
     "execution_count": 2,
     "metadata": {},
     "output_type": "execute_result"
    }
   ],
   "source": [
    "import pandas as pd\n",
    "import numpy as np\n",
    "\n",
    "TRANSFORMED_DF = DEFECTORS_DIR / \"jit_bug_prediction_splits\" / \"time\" / \"train_labeled_features_partial.feather\"\n",
    "\n",
    "# ---- LOAD ----\n",
    "df = pd.read_feather(TRANSFORMED_DF)\n",
    "print(f\"Loaded dataframe with {len(df)} rows and {len(df.columns)} columns\\n\")\n",
    "\n",
    "df.dtypes"
   ]
  },
  {
   "cell_type": "markdown",
   "id": "8d6eb0e6",
   "metadata": {},
   "source": [
    "## Converting NumpyArray -> List\n",
    "\n"
   ]
  },
  {
   "cell_type": "code",
   "execution_count": 3,
   "id": "f43f4dd2",
   "metadata": {},
   "outputs": [],
   "source": [
    "#Convert the NumPy arrays back to Python lists\n",
    "for col in ['code_embed', 'msg_embed', 'methods', 'lines']:\n",
    "    # Use .apply(list) or .apply(lambda x: x.tolist()) for robustness\n",
    "    df[col] = df[col].apply(list)\n",
    "\n",
    "# print(df['content'].head(5))"
   ]
  },
  {
   "cell_type": "markdown",
   "id": "d8972c09",
   "metadata": {},
   "source": [
    "## Missing Value Audit"
   ]
  },
  {
   "cell_type": "code",
   "execution_count": 4,
   "id": "cfa4ad42",
   "metadata": {},
   "outputs": [
    {
     "name": "stdout",
     "output_type": "stream",
     "text": [
      "## 1. Missing Values per Column\n",
      "|                            |   0 |\n",
      "|:---------------------------|----:|\n",
      "| datetime                   |   0 |\n",
      "| commit                     |   0 |\n",
      "| repo                       |   0 |\n",
      "| filepath                   |   0 |\n",
      "| content                    |   0 |\n",
      "| methods                    |   0 |\n",
      "| lines                      |   0 |\n",
      "| author_email               |   0 |\n",
      "| canonical_datetime         |   0 |\n",
      "| author_exp_pre             |   0 |\n",
      "| author_recent_activity_pre |   0 |\n",
      "| label                      |   0 |\n",
      "| loc_added                  |   0 |\n",
      "| loc_deleted                |   0 |\n",
      "| files_changed              |   0 |\n",
      "| hunks_count                |   0 |\n",
      "| msg_len                    |   0 |\n",
      "| has_fix_kw                 |   0 |\n",
      "| has_bug_kw                 |   0 |\n",
      "| ast_delta                  |   0 |\n",
      "| complexity_delta           |   0 |\n",
      "| max_func_change            |   0 |\n",
      "| time_since_last_change     |   0 |\n",
      "| todo                       |   0 |\n",
      "| fixme                      |   0 |\n",
      "| try                        |   0 |\n",
      "| except                     |   0 |\n",
      "| raise                      |   0 |\n",
      "| code_embed                 |   0 |\n",
      "| msg_embed                  |   0 |\n",
      "| recent_churn               |   0 |\n"
     ]
    }
   ],
   "source": [
    "print(\"## 1. Missing Values per Column\")\n",
    "nulls = df.isnull().sum().sort_values(ascending=False)\n",
    "print(nulls.to_markdown())"
   ]
  },
  {
   "cell_type": "markdown",
   "id": "f5d9e187",
   "metadata": {},
   "source": [
    "## Primary Key Integrity"
   ]
  },
  {
   "cell_type": "code",
   "execution_count": 5,
   "id": "449493f0",
   "metadata": {},
   "outputs": [
    {
     "name": "stdout",
     "output_type": "stream",
     "text": [
      "## 2. Primary Key Uniqueness Check\n",
      "Duplicate key rows: 0\n"
     ]
    }
   ],
   "source": [
    "print(\"## 2. Primary Key Uniqueness Check\")\n",
    "key_cols = [\"repo\", \"commit\", \"filepath\"]\n",
    "\n",
    "dupes = df.duplicated(subset=key_cols).sum()\n",
    "print(f\"Duplicate key rows: {dupes}\")"
   ]
  },
  {
   "cell_type": "markdown",
   "id": "9c918fc9",
   "metadata": {},
   "source": [
    "## Label Distribution"
   ]
  },
  {
   "cell_type": "code",
   "execution_count": 6,
   "id": "9bb5e4f2",
   "metadata": {},
   "outputs": [
    {
     "name": "stdout",
     "output_type": "stream",
     "text": [
      "## 3. Label Distribution\n",
      "|   label |   proportion |\n",
      "|--------:|-------------:|\n",
      "|       0 |      0.51052 |\n",
      "|       1 |      0.48948 |\n"
     ]
    }
   ],
   "source": [
    "print(\"## 3. Label Distribution\")\n",
    "print(df['label'].value_counts(normalize=True).to_markdown())"
   ]
  },
  {
   "cell_type": "markdown",
   "id": "a438280c",
   "metadata": {},
   "source": [
    "## Repository Distribution (Imbalance Check)"
   ]
  },
  {
   "cell_type": "code",
   "execution_count": 7,
   "id": "699093f2",
   "metadata": {},
   "outputs": [
    {
     "name": "stdout",
     "output_type": "stream",
     "text": [
      "## 4. Repository Distribution\n",
      "| repo    |   proportion |\n",
      "|:--------|-------------:|\n",
      "| pandas  |    0.90635   |\n",
      "| airflow |    0.0936505 |\n"
     ]
    }
   ],
   "source": [
    "print(\"## 4. Repository Distribution\")\n",
    "repo_dist = df['repo'].value_counts(normalize=True)\n",
    "print(repo_dist.to_markdown())"
   ]
  },
  {
   "cell_type": "markdown",
   "id": "3f6fa3c1",
   "metadata": {},
   "source": [
    "## Value Range Scan for Numeric Columns\n",
    "\n",
    "Automatically detects:\n",
    "\n",
    "- negatives where not allowed\n",
    "- max values\n",
    "- suspicious spikes"
   ]
  },
  {
   "cell_type": "code",
   "execution_count": 8,
   "id": "7f87b9a7",
   "metadata": {},
   "outputs": [
    {
     "name": "stdout",
     "output_type": "stream",
     "text": [
      "## 5. Numeric Column Range Scan\n",
      "|                            |     min |   median |          mean |              max |\n",
      "|:---------------------------|--------:|---------:|--------------:|-----------------:|\n",
      "| author_exp_pre             |       0 |      113 |   529.822     |   3557           |\n",
      "| author_recent_activity_pre |       0 |       15 |    37.8364    |    238           |\n",
      "| label                      |       0 |        0 |     0.48948   |      1           |\n",
      "| loc_added                  |       0 |       33 |    76.4645    |  11824           |\n",
      "| loc_deleted                |       0 |       57 |   115.242     |  12067           |\n",
      "| files_changed              |       0 |        6 |    13.0631    |    162           |\n",
      "| hunks_count                |       0 |       28 |    64.1849    |   1104           |\n",
      "| msg_len                    |       7 |       60 |   112.901     |   2858           |\n",
      "| has_fix_kw                 |       0 |        0 |     0.183243  |      1           |\n",
      "| has_bug_kw                 |       0 |        0 |     0.172692  |      1           |\n",
      "| ast_delta                  |       0 |        8 |   102.186     |   6535           |\n",
      "| complexity_delta           |       0 |        0 |     4.0974    |    287           |\n",
      "| max_func_change            |       0 |       87 |   107.681     |    465           |\n",
      "| time_since_last_change     | -396818 |     2332 | 24782         |      2.04664e+07 |\n",
      "| todo                       |       0 |        0 |     0.166635  |     26           |\n",
      "| fixme                      |       0 |        0 |     0.0176687 |     17           |\n",
      "| try                        |       0 |        0 |     0.519698  |     56           |\n",
      "| except                     |       0 |        0 |     1.12961   |    102           |\n",
      "| raise                      |       0 |        0 |     1.77436   |    213           |\n",
      "| recent_churn               |       0 |     2072 |  6416.87      | 110348           |\n"
     ]
    }
   ],
   "source": [
    "print(\"## 5. Numeric Column Range Scan\")\n",
    "num_cols = df.select_dtypes(include=[np.number]).columns\n",
    "\n",
    "ranges = pd.DataFrame({\n",
    "    \"min\": df[num_cols].min(),\n",
    "    \"median\": df[num_cols].median(),\n",
    "    \"mean\": df[num_cols].mean(),\n",
    "    \"max\": df[num_cols].max()\n",
    "})\n",
    "\n",
    "print(ranges.to_markdown())"
   ]
  },
  {
   "cell_type": "markdown",
   "id": "c0dee600",
   "metadata": {},
   "source": []
  },
  {
   "cell_type": "markdown",
   "id": "47bb1367",
   "metadata": {},
   "source": [
    "## Check Columns Expected to Be Non-Negative"
   ]
  },
  {
   "cell_type": "code",
   "execution_count": 9,
   "id": "3d899461",
   "metadata": {},
   "outputs": [
    {
     "name": "stdout",
     "output_type": "stream",
     "text": [
      "## 6. Negative Value Check\n",
      "loc_added: 0 negative values\n",
      "loc_deleted: 0 negative values\n",
      "files_changed: 0 negative values\n",
      "hunks_count: 0 negative values\n",
      "msg_len: 0 negative values\n",
      "ast_delta: 0 negative values\n",
      "complexity_delta: 0 negative values\n",
      "max_func_change: 0 negative values\n",
      "author_exp_pre: 0 negative values\n",
      "author_recent_activity_pre: 0 negative values\n",
      "todo: 0 negative values\n",
      "fixme: 0 negative values\n",
      "try: 0 negative values\n",
      "except: 0 negative values\n",
      "raise: 0 negative values\n",
      "recent_churn: 0 negative values\n"
     ]
    }
   ],
   "source": [
    "non_negative_cols = [\n",
    "    \"loc_added\", \"loc_deleted\",\n",
    "    \"files_changed\", \"hunks_count\",\n",
    "    \"msg_len\", \"ast_delta\",\n",
    "    \"complexity_delta\", \"max_func_change\",\n",
    "    \"author_exp_pre\", \"author_recent_activity_pre\",\n",
    "    \"todo\", \"fixme\", \"try\", \"except\", \"raise\",\n",
    "    \"recent_churn\"\n",
    "]\n",
    "\n",
    "print(\"## 6. Negative Value Check\")\n",
    "for col in non_negative_cols:\n",
    "    bad = (df[col] < 0).sum()\n",
    "    print(f\"{col}: {bad} negative values\")"
   ]
  },
  {
   "cell_type": "markdown",
   "id": "f3f57675",
   "metadata": {},
   "source": [
    "## Suspicious Feature Check: time_since_last_change"
   ]
  },
  {
   "cell_type": "code",
   "execution_count": 10,
   "id": "e5727505",
   "metadata": {},
   "outputs": [
    {
     "name": "stdout",
     "output_type": "stream",
     "text": [
      "## 7. time_since_last_change Outliers\n",
      "Negative values: 3\n",
      "99.9% quantile: 1403131.112000024\n",
      "Min: -396818\n",
      "Max: 20466389\n"
     ]
    }
   ],
   "source": [
    "print(\"## 7. time_since_last_change Outliers\")\n",
    "tslc = df[\"time_since_last_change\"]\n",
    "\n",
    "print(f\"Negative values: {(tslc < 0).sum()}\")\n",
    "print(f\"99.9% quantile: {tslc.quantile(0.999)}\")\n",
    "print(f\"Min: {tslc.min()}\")\n",
    "print(f\"Max: {tslc.max()}\")"
   ]
  },
  {
   "cell_type": "markdown",
   "id": "ac89da7b",
   "metadata": {},
   "source": [
    "### Understanding the Feature\n",
    "\n",
    "*time_since_last_change = c.committed_date - last_time*\n",
    "\n",
    "Where:\n",
    "- c.committed_date = current commit timestamp (UNIX seconds)\n",
    "- last_time = timestamp of first parent commit\n",
    "\n",
    "So the feature = time difference between consecutive commits.\n",
    "\n",
    "This represents how much time passed between commits in a repo.\n",
    "\n",
    "### Why Negative Values?\n",
    "\n",
    "Meaning:\n",
    "\n",
    "- Some commits appear to be ~4.6 days negative (-396,818 sec)\n",
    "- Some commits appear to be ~77 days ahead (6.6M sec)\n",
    "\n",
    "This is expected when real Git data is used.\n",
    "\n",
    "Git timestamps can go backwards because:\n",
    "\n",
    "#### (1) Rebased or rewritten history\n",
    "\n",
    "During rebases, old commits appear “later” than newer ones.\n",
    "\n",
    "*WHY?*\n",
    "\n",
    "When you merge/rebase, Git does not reorder commits chronologically.\n",
    "Instead, it preserves the logical order of development.\n",
    "\n",
    "#### (2) Merge parents\n",
    "\n",
    "You use only the first parent:\n",
    "\n",
    "if c.parents:\n",
    "    last_time = c.parents[0].committed_date\n",
    "\n",
    "\n",
    "But merges may introduce non-linear time ordering.\n",
    "\n",
    "#### (3) Clock drift\n",
    "\n",
    "Different authors → different local machine clocks.\n",
    "\n",
    "#### (4) Shallow clones or incomplete history\n",
    "\n",
    "If the repo is shallow-fetched, parent commits may have weird timestamps.\n",
    "\n",
    "None of this indicates your extraction is wrong.\n",
    "\n"
   ]
  },
  {
   "cell_type": "markdown",
   "id": "ad362de1",
   "metadata": {},
   "source": [
    "## Binary Flag Integity"
   ]
  },
  {
   "cell_type": "code",
   "execution_count": 11,
   "id": "eaf20288",
   "metadata": {},
   "outputs": [
    {
     "name": "stdout",
     "output_type": "stream",
     "text": [
      "## 8. Binary Columns Integrity\n",
      "has_fix_kw: 0 invalid values\n",
      "has_bug_kw: 0 invalid values\n"
     ]
    }
   ],
   "source": [
    "print(\"## 8. Binary Columns Integrity\")\n",
    "bin_cols = [\"has_fix_kw\", \"has_bug_kw\"]\n",
    "\n",
    "for col in bin_cols:\n",
    "    bad = df[~df[col].isin([0,1])]\n",
    "    print(f\"{col}: {len(bad)} invalid values\")"
   ]
  },
  {
   "cell_type": "markdown",
   "id": "6abf7f3a",
   "metadata": {},
   "source": [
    "## Embedding Consistency Check\n",
    "\n",
    "Ensure:\n",
    "\n",
    "- no None\n",
    "- all lists\n",
    "- identical dimensionality"
   ]
  },
  {
   "cell_type": "code",
   "execution_count": 12,
   "id": "36efd21b",
   "metadata": {},
   "outputs": [
    {
     "name": "stdout",
     "output_type": "stream",
     "text": [
      "<class 'list'>\n",
      "<class 'list'>\n",
      "## 9. Embedding Structural Checks\n",
      "code_embed None count: 0\n",
      "msg_embed None count: 0\n",
      "\n",
      "Non-list code_embed rows: 0\n",
      "Non-list msg_embed rows: 0\n",
      "\n",
      "Embedding dimensionality distribution:\n",
      "code_embed\n",
      "768    16017\n",
      "Name: count, dtype: int64\n"
     ]
    }
   ],
   "source": [
    "# # Convert the NumPy arrays back to Python lists\n",
    "# for col in ['code_embed', 'msg_embed']:\n",
    "#     # Use .apply(list) or .apply(lambda x: x.tolist()) for robustness\n",
    "#     df[col] = df[col].apply(list)\n",
    "\n",
    "print(type(df.loc[0, 'code_embed']))\n",
    "print(type(df.loc[0, 'msg_embed']))\n",
    "\n",
    "print(\"## 9. Embedding Structural Checks\")\n",
    "\n",
    "# None count\n",
    "print(\"code_embed None count:\", df['code_embed'].isna().sum())\n",
    "print(\"msg_embed None count:\", df['msg_embed'].isna().sum())\n",
    "\n",
    "# Check if all are lists\n",
    "print(\"\\nNon-list code_embed rows:\", (~df['code_embed'].apply(lambda x: isinstance(x, list))).sum())\n",
    "print(\"Non-list msg_embed rows:\", (~df['msg_embed'].apply(lambda x: isinstance(x, list))).sum())\n",
    "\n",
    "# Check dimensionality\n",
    "dims = df['code_embed'].apply(lambda x: len(x) if isinstance(x, list) else None)\n",
    "print(\"\\nEmbedding dimensionality distribution:\")\n",
    "print(dims.value_counts().head())"
   ]
  },
  {
   "cell_type": "markdown",
   "id": "e5372970",
   "metadata": {},
   "source": [
    "## Datetime Consistency\n",
    "\n",
    "Check for:\n",
    "\n",
    "- NaT values\n",
    "- ordering sanity (commit should not be older than file's previous record)"
   ]
  },
  {
   "cell_type": "code",
   "execution_count": 13,
   "id": "752e0559",
   "metadata": {},
   "outputs": [
    {
     "name": "stdout",
     "output_type": "stream",
     "text": [
      "## 10. Datetime Columns Audit\n",
      "datetime: NaT count = 0\n",
      "datetime: min = 2009-11-21 20:57:45-02:00, max = 2022-01-03 09:36:56-02:00\n",
      "canonical_datetime: NaT count = 0\n",
      "canonical_datetime: min = 2009-11-21 22:57:45+00:00, max = 2022-01-03 21:36:56+00:00\n"
     ]
    }
   ],
   "source": [
    "print(\"## 10. Datetime Columns Audit\")\n",
    "\n",
    "date_cols = [\"datetime\", \"canonical_datetime\"]\n",
    "\n",
    "for col in date_cols:\n",
    "    print(f\"{col}: NaT count = {df[col].isna().sum()}\")\n",
    "    print(f\"{col}: min = {df[col].min()}, max = {df[col].max()}\")"
   ]
  },
  {
   "cell_type": "markdown",
   "id": "52dc57dc",
   "metadata": {},
   "source": [
    "## Correlation Hot Spots\n",
    "To detect redundant or suspiciously identical columns."
   ]
  },
  {
   "cell_type": "code",
   "execution_count": 29,
   "id": "f1ec3cf7",
   "metadata": {},
   "outputs": [
    {
     "name": "stdout",
     "output_type": "stream",
     "text": [
      "## 11. Correlations (Numeric Only)\n",
      "|                            |   author_exp_pre |   author_recent_activity_pre |        label |   loc_added |   loc_deleted |   files_changed |   hunks_count |     msg_len |   has_fix_kw |   has_bug_kw |   ast_delta |   complexity_delta |   max_func_change |   time_since_last_change |        todo |       fixme |          try |      except |       raise |   recent_churn |\n",
      "|:---------------------------|-----------------:|-----------------------------:|-------------:|------------:|--------------:|----------------:|--------------:|------------:|-------------:|-------------:|------------:|-------------------:|------------------:|-------------------------:|------------:|------------:|-------------:|------------:|------------:|---------------:|\n",
      "| author_exp_pre             |        1         |                   0.723431   |  0.110553    |  -0.062186  |   -0.103806   |     -0.0929121  |   -0.0922295  | -0.143356   |  -0.160424   |  -0.0467965  |  -0.0256155 |         -0.0199572 |       -0.0108135  |              -0.0482003  |  0.168385   |  0.0626697  | -0.0401587   | -0.056432   | -0.0336968  |      0.237395  |\n",
      "| author_recent_activity_pre |        0.723431  |                   1          |  0.144116    |   0.0256555 |   -0.0394667  |      0.0641202  |    0.0828622  | -0.155603   |  -0.160233   |  -0.104852   |   0.0499655 |          0.059124  |        0.053968   |              -0.0548706  |  0.0859477  |  0.0126047  | -0.00862291  | -0.0236391  |  0.00756599 |      0.596861  |\n",
      "| label                      |        0.110553  |                   0.144116   |  1           |   0.130865  |    0.0943155  |      0.111878   |    0.195939   |  0.0547589  |  -0.0334537  |  -0.0240886  |   0.160238  |          0.148191  |        0.31385    |              -0.0472576  |  0.0593875  |  0.011409   | -0.000787225 |  0.0491934  |  0.097053   |      0.0921606 |\n",
      "| loc_added                  |       -0.062186  |                   0.0256555  |  0.130865    |   1         |    0.573377   |      0.308405   |    0.509627   |  0.0657336  |   0.021291   |  -0.104803   |   0.291154  |          0.303997  |        0.21324    |              -0.013124   |  0.0819171  |  0.0219864  |  0.434289    |  0.249973   |  0.198038   |      0.220571  |\n",
      "| loc_deleted                |       -0.103806  |                  -0.0394667  |  0.0943155   |   0.573377  |    1          |      0.474271   |    0.409625   |  0.186953   |   0.0235916  |  -0.0395435  |   0.161784  |          0.159007  |        0.0918091  |              -0.00603241 |  0.0322617  |  0.0230989  |  0.357244    |  0.173931   |  0.133507   |      0.308838  |\n",
      "| files_changed              |       -0.0929121 |                   0.0641202  |  0.111878    |   0.308405  |    0.474271   |      1          |    0.787635   |  0.0363361  |   0.0267447  |  -0.156768   |   0.140415  |          0.156168  |        0.32493    |              -0.0188277  |  0.0417027  |  0.00741531 |  0.154439    |  0.146797   |  0.143287   |      0.45496   |\n",
      "| hunks_count                |       -0.0922295 |                   0.0828622  |  0.195939    |   0.509627  |    0.409625   |      0.787635   |    1          |  0.02724    |   0.00545618 |  -0.176411   |   0.283193  |          0.304716  |        0.478601   |              -0.0222199  |  0.0347814  |  0.00292691 |  0.140304    |  0.147123   |  0.173325   |      0.396174  |\n",
      "| msg_len                    |       -0.143356  |                  -0.155603   |  0.0547589   |   0.0657336 |    0.186953   |      0.0363361  |    0.02724    |  1          |   0.277443   |   0.132757   |   0.0307707 |          0.0295809 |        0.00685043 |               0.0379279  |  0.0241868  |  0.108305   |  0.0146743   |  0.0162271  |  0.0215976  |     -0.0173881 |\n",
      "| has_fix_kw                 |       -0.160424  |                  -0.160233   | -0.0334537   |   0.021291  |    0.0235916  |      0.0267447  |    0.00545618 |  0.277443   |   1          |   0.168714   |  -0.046446  |         -0.0573702 |        0.0351842  |               0.0111399  |  0.00498956 |  0.0693482  |  0.0235059   |  0.103829   |  0.0458352  |     -0.0724582 |\n",
      "| has_bug_kw                 |       -0.0467965 |                  -0.104852   | -0.0240886   |  -0.104803  |   -0.0395435  |     -0.156768   |   -0.176411   |  0.132757   |   0.168714   |   1          |  -0.0549248 |         -0.0480081 |       -0.127626   |              -0.00260204 | -0.0358457  |  0.0278189  | -0.0362748   | -0.0496045  | -0.0567579  |     -0.103879  |\n",
      "| ast_delta                  |       -0.0256155 |                   0.0499655  |  0.160238    |   0.291154  |    0.161784   |      0.140415   |    0.283193   |  0.0307707  |  -0.046446   |  -0.0549248  |   1         |          0.915854  |        0.208221   |              -0.0162802  |  0.0741192  |  0.15268    |  0.185008    |  0.14212    |  0.206465   |      0.121027  |\n",
      "| complexity_delta           |       -0.0199572 |                   0.059124   |  0.148191    |   0.303997  |    0.159007   |      0.156168   |    0.304716   |  0.0295809  |  -0.0573702  |  -0.0480081  |   0.915854  |          1         |        0.200314   |              -0.0169448  |  0.0912304  |  0.14405    |  0.213405    |  0.145449   |  0.202571   |      0.143367  |\n",
      "| max_func_change            |       -0.0108135 |                   0.053968   |  0.31385     |   0.21324   |    0.0918091  |      0.32493    |    0.478601   |  0.00685043 |   0.0351842  |  -0.127626   |   0.208221  |          0.200314  |        1          |              -0.0309283  |  0.0406792  |  0.0193348  |  0.0126695   |  0.0749111  |  0.11364    |      0.103302  |\n",
      "| time_since_last_change     |       -0.0482003 |                  -0.0548706  | -0.0472576   |  -0.013124  |   -0.00603241 |     -0.0188277  |   -0.0222199  |  0.0379279  |   0.0111399  |  -0.00260204 |  -0.0162802 |         -0.0169448 |       -0.0309283  |               1          | -0.00303994 | -0.00135174 | -0.00718344  | -0.00744167 | -0.0123456  |     -0.0326108 |\n",
      "| todo                       |        0.168385  |                   0.0859477  |  0.0593875   |   0.0819171 |    0.0322617  |      0.0417027  |    0.0347814  |  0.0241868  |   0.00498956 |  -0.0358457  |   0.0741192 |          0.0912304 |        0.0406792  |              -0.00303994 |  1          |  0.133186   |  0.0447658   | -0.00350699 |  0.0291293  |      0.0310083 |\n",
      "| fixme                      |        0.0626697 |                   0.0126047  |  0.011409    |   0.0219864 |    0.0230989  |      0.00741531 |    0.00292691 |  0.108305   |   0.0693482  |   0.0278189  |   0.15268   |          0.14405   |        0.0193348  |              -0.00135174 |  0.133186   |  1          |  0.0395898   |  0.040177   |  0.073631   |      0.0160288 |\n",
      "| try                        |       -0.0401587 |                  -0.00862291 | -0.000787225 |   0.434289  |    0.357244   |      0.154439   |    0.140304   |  0.0146743  |   0.0235059  |  -0.0362748  |   0.185008  |          0.213405  |        0.0126695  |              -0.00718344 |  0.0447658  |  0.0395898  |  1           |  0.343156   |  0.16151    |      0.140125  |\n",
      "| except                     |       -0.056432  |                  -0.0236391  |  0.0491934   |   0.249973  |    0.173931   |      0.146797   |    0.147123   |  0.0162271  |   0.103829   |  -0.0496045  |   0.14212   |          0.145449  |        0.0749111  |              -0.00744167 | -0.00350699 |  0.040177   |  0.343156    |  1          |  0.742885   |      0.0817946 |\n",
      "| raise                      |       -0.0336968 |                   0.00756599 |  0.097053    |   0.198038  |    0.133507   |      0.143287   |    0.173325   |  0.0215976  |   0.0458352  |  -0.0567579  |   0.206465  |          0.202571  |        0.11364    |              -0.0123456  |  0.0291293  |  0.073631   |  0.16151     |  0.742885   |  1          |      0.0715469 |\n",
      "| recent_churn               |        0.237395  |                   0.596861   |  0.0921606   |   0.220571  |    0.308838   |      0.45496    |    0.396174   | -0.0173881  |  -0.0724582  |  -0.103879   |   0.121027  |          0.143367  |        0.103302   |              -0.0326108  |  0.0310083  |  0.0160288  |  0.140125    |  0.0817946  |  0.0715469  |      1         |\n"
     ]
    }
   ],
   "source": [
    "# print(\"## 11. Correlations (Numeric Only)\")\n",
    "# corr = df[num_cols].corr()\n",
    "# # display(corr.style.background_gradient(cmap='coolwarm'))\n",
    "# matrix = corr.style.background_gradient(cmap='coolwarm')\n",
    "# matrix\n",
    "\n",
    "print(\"## 11. Correlations (Numeric Only)\")\n",
    "corr = df[num_cols].corr()\n",
    "print(corr.to_markdown())  # nicely formatted markdown table"
   ]
  },
  {
   "cell_type": "code",
   "execution_count": 15,
   "id": "76ca36d9",
   "metadata": {},
   "outputs": [
    {
     "name": "stdout",
     "output_type": "stream",
     "text": [
      "## 12. Columns With Only One Unique Value\n"
     ]
    }
   ],
   "source": [
    "print(\"## 12. Columns With Only One Unique Value\")\n",
    "\n",
    "for col in df.columns:\n",
    "    # Convert arrays to tuples for uniqueness check\n",
    "    if df[col].apply(lambda x: isinstance(x, (np.ndarray, list))).any():\n",
    "        # Convert each element to a tuple (or a string representation)\n",
    "        # print(col)\n",
    "        unique_values = df[col].apply(lambda x: tuple(x) if isinstance(x, (np.ndarray, list)) else x)\n",
    "    else:\n",
    "        unique_values = df[col]\n",
    "\n",
    "    if unique_values.nunique(dropna=True) == 1:\n",
    "        print(f\"⚠️ {col} has only one unique value\")"
   ]
  },
  {
   "cell_type": "markdown",
   "id": "556ef3f8",
   "metadata": {},
   "source": [
    "## Check Text Columns for Weirdness\n",
    "\n",
    "Empty strings? Too short? Too long?"
   ]
  },
  {
   "cell_type": "code",
   "execution_count": 16,
   "id": "e6e31166",
   "metadata": {},
   "outputs": [
    {
     "name": "stdout",
     "output_type": "stream",
     "text": [
      "## 13. Text Field Checks\n",
      "Empty content rows: 41\n",
      "count     16017.000000\n",
      "mean       1770.271337\n",
      "std        3000.898475\n",
      "min           0.000000\n",
      "25%         472.000000\n",
      "50%         890.000000\n",
      "75%        1889.000000\n",
      "max      109324.000000\n",
      "Name: content, dtype: float64\n",
      "\n",
      "Empty methods rows: 2722\n",
      "count    16017.000000\n",
      "mean         2.620528\n",
      "std          4.916241\n",
      "min          0.000000\n",
      "25%          1.000000\n",
      "50%          1.000000\n",
      "75%          3.000000\n",
      "max        148.000000\n",
      "Name: methods, dtype: float64\n"
     ]
    }
   ],
   "source": [
    "print(\"## 13. Text Field Checks\")\n",
    "\n",
    "if 'content' in df.columns:\n",
    "    print(\"Empty content rows:\", (df['content'].str.len() == 0).sum())\n",
    "    print(df['content'].str.len().describe())\n",
    "\n",
    "# Check 'methods' if it is a list column\n",
    "if 'methods' in df.columns:\n",
    "    # Use len() on the Python lists\n",
    "    print(\"\\nEmpty methods rows:\", (df['methods'].apply(len) == 0).sum())\n",
    "    print(df['methods'].apply(len).describe())"
   ]
  },
  {
   "cell_type": "markdown",
   "id": "934954c2",
   "metadata": {},
   "source": [
    "## Check For Impossible Values"
   ]
  },
  {
   "cell_type": "code",
   "execution_count": 17,
   "id": "f17bad1b",
   "metadata": {},
   "outputs": [
    {
     "name": "stdout",
     "output_type": "stream",
     "text": [
      "## 14. Logical Consistency Checks\n",
      "msg_len outliers (msg_len <= 0): 0\n"
     ]
    }
   ],
   "source": [
    "print(\"## 14. Logical Consistency Checks\")\n",
    "\n",
    "# msg_len should match commit message length\n",
    "if \"msg_len\" in df.columns:\n",
    "    print(\"msg_len outliers (msg_len <= 0):\", (df['msg_len'] <= 0).sum())"
   ]
  },
  {
   "cell_type": "markdown",
   "id": "72432152",
   "metadata": {},
   "source": [
    "## Filepath Sanity\n",
    "Check for Windows vs POSIX weirdness."
   ]
  },
  {
   "cell_type": "code",
   "execution_count": 22,
   "id": "a6652381",
   "metadata": {},
   "outputs": [
    {
     "name": "stdout",
     "output_type": "stream",
     "text": [
      "Filepaths without / (unexpected after normalization): 237\n",
      "11        setup.py\n",
      "80        setup.py\n",
      "81     setupegg.py\n",
      "122       setup.py\n",
      "123       setup.py\n",
      "138       setup.py\n",
      "144       setup.py\n",
      "168       setup.py\n",
      "278       setup.py\n",
      "461       setup.py\n",
      "462       setup.py\n",
      "479       setup.py\n",
      "497       setup.py\n",
      "513       setup.py\n",
      "514       setup.py\n",
      "523       setup.py\n",
      "524       setup.py\n",
      "531       setup.py\n",
      "562       setup.py\n",
      "570       setup.py\n",
      "Name: filepath, dtype: object\n"
     ]
    }
   ],
   "source": [
    "# Normalize all filepaths to use forward slashes\n",
    "df['filepath'] = df['filepath'].str.replace('\\\\', '/', regex=False)\n",
    "\n",
    "# Check again for paths without a slash\n",
    "bad_paths = df[~df['filepath'].str.contains('/')]\n",
    "print(\"Filepaths without / (unexpected after normalization):\", len(bad_paths))\n",
    "print(df.loc[~df['filepath'].str.contains('/'), 'filepath'].head(20))"
   ]
  },
  {
   "cell_type": "markdown",
   "id": "93e72a7b",
   "metadata": {},
   "source": [
    "## Check Recent Churn for Extreme Outliers"
   ]
  },
  {
   "cell_type": "code",
   "execution_count": 23,
   "id": "e3fd5421",
   "metadata": {},
   "outputs": [
    {
     "name": "stdout",
     "output_type": "stream",
     "text": [
      "## 16. recent_churn Outlier Scan\n",
      "count     16017.000000\n",
      "mean       6416.870388\n",
      "std       10498.605904\n",
      "min           0.000000\n",
      "25%         234.000000\n",
      "50%        2072.000000\n",
      "75%        9027.000000\n",
      "max      110348.000000\n",
      "Name: recent_churn, dtype: float64\n",
      "99.9% quantile: 93818.97600000042\n"
     ]
    }
   ],
   "source": [
    "print(\"## 16. recent_churn Outlier Scan\")\n",
    "print(df['recent_churn'].describe())\n",
    "print(\"99.9% quantile:\", df['recent_churn'].quantile(0.999))"
   ]
  },
  {
   "cell_type": "markdown",
   "id": "ffbf4792",
   "metadata": {},
   "source": [
    "## Check Distribution of Code Activity Keywords\n",
    "\n",
    "(todo, fixme, try/except/raise)"
   ]
  },
  {
   "cell_type": "code",
   "execution_count": 24,
   "id": "aa24f007",
   "metadata": {},
   "outputs": [
    {
     "name": "stdout",
     "output_type": "stream",
     "text": [
      "## 17. Keyword Column Distributions\n",
      "|        |   count |      mean |      std |   min |   25% |   50% |   75% |   max |\n",
      "|:-------|--------:|----------:|---------:|------:|------:|------:|------:|------:|\n",
      "| todo   |   16017 | 0.166635  | 0.741512 |     0 |     0 |     0 |     0 |    26 |\n",
      "| fixme  |   16017 | 0.0176687 | 0.267961 |     0 |     0 |     0 |     0 |    17 |\n",
      "| try    |   16017 | 0.519698  | 2.60688  |     0 |     0 |     0 |     0 |    56 |\n",
      "| except |   16017 | 1.12961   | 6.96136  |     0 |     0 |     0 |     0 |   102 |\n",
      "| raise  |   16017 | 1.77436   | 7.42676  |     0 |     0 |     0 |     1 |   213 |\n"
     ]
    }
   ],
   "source": [
    "print(\"## 17. Keyword Column Distributions\")\n",
    "kw_cols = [\"todo\", \"fixme\", \"try\", \"except\", \"raise\"]\n",
    "\n",
    "print(df[kw_cols].describe().T.to_markdown())"
   ]
  }
 ],
 "metadata": {
  "kernelspec": {
   "display_name": "src_code-O5IEtaYk",
   "language": "python",
   "name": "python3"
  },
  "language_info": {
   "codemirror_mode": {
    "name": "ipython",
    "version": 3
   },
   "file_extension": ".py",
   "mimetype": "text/x-python",
   "name": "python",
   "nbconvert_exporter": "python",
   "pygments_lexer": "ipython3",
   "version": "3.13.5"
  }
 },
 "nbformat": 4,
 "nbformat_minor": 5
}
